-14.285370732101299 -17.256199654726224 -17.408290234608664 -1.0308046030226248 1.304398490189628 0.38069610735652093
-0.3850894086960679 -11.537623286045044 -13.850982681818508 1.2203620184498924 -0.15669299800845748 0.46417600935845194
-4.557857611598646 -8.565730019638021 13.101026053967075 0.2758431320148529 1.1952226693807337 -0.08901834542029752
12.363384928068662 -10.670276571516585 12.433779397230182 -0.5719922507476188 -0.4400376499019951 -0.14459167258613537
-6.488983672664075 18.235165476883346 -9.06466283584174 0.7736343075331344 -0.055537972282287296 -0.6861147903449152
5.247645409763834 19.885345639049596 2.277776344788766 0.10961606799873014 -0.16132606385871484 0.9237556786427756
-9.955055045746874 2.0482221574183157 12.403171210213515 0.0857714385039463 -0.5142293693624773 -0.3296317234803121
4.172282701972499 -10.917341011229901 -19.272600628408423 1.4133461433833574 1.457647327688731 -0.515992680849999
3.267958877193749 -12.052668278918194 -11.150831015611375 -0.8755900435560362 -0.23325506866711754 -0.12663107285699615
-7.4362856306776415 -16.075116994886557 17.09577985122963 0.38737126366633756 -0.6778595255953654 -0.04321611227488242
2.8441580172944505 16.81493063206029 -17.984871848102202 -1.1053543725066968 0.529573484409398 0.5040929053543017
1.4785798557005556 18.80688306267382 -1.8036276589271374 0.7221482082573667 -0.4508804768243735 1.313533948998019
-14.351060773243436 -4.632410753497606 14.716838020416517 1.064146669180948 1.0295412253148664 0.10592092700458666
-5.21110542542397 10.281863515594942 3.012139710889528 -0.014048546987025512 1.2789703944723394 0.3280725661841195
-14.707229280139504 -15.597189876967779 16.130050199394084 -0.4625139330413819 -0.8337439024077423 0.6013426872817207
0.5742815316313532 15.597979745064741 1.6497487833422788 -1.3301711861594852 -0.3645412833995667 0.3774489171312685
19.896741368229932 -2.331327880942574 -0.4908402870068258 0.7749679219576686 0.5895410730785438 -0.7893504282787881
13.583106881380289 18.327779396403493 3.5982275402159125 0.8262015689864599 -0.19369737795516206 -1.3766959503904213
17.590535673123824 3.3788841308442628 -8.466661074930792 0.6744028991748836 0.6876946287499024 0.049303830876596955
3.3885277673131533 0.8146559075271931 -9.50077074627198 0.622649892627527 0.3556031957361465 0.944603895966226
10.197008931742108 0.35117128569540057 15.462711090597033 0.5868649837595674 0.9209134289941296 -0.9206211140056214
16.67590106796014 11.322517008310626 -18.12008783872605 -0.9852651030519458 -1.0851169858321268 -0.6201467862851537
11.441277302577827 -10.678496991472626 -8.941080885945944 0.812785343233168 0.46969238425761617 1.3551464661314654
-19.78886883952178 16.087070370938008 -19.365316432208477 -0.839640643310844 0.971681073303321 -0.12383220364541048
18.116843543234708 -1.1051701513243692 0.7997883617689183 -0.6898611280304877 0.6219141340936036 -0.19038053318867543
15.299645817473852 -12.668757708991096 1.500935105934559 0.11952117403597295 1.268424701332286 0.05458229425340844
-7.534487945126461 -13.447545966536168 2.3123247631379975 0.29555380350037197 -0.0940262668196663 -0.8498288213287263
-3.5651354205314156 -19.707957381685265 3.2523626405930344 -0.9821878095126628 0.7153003980658763 0.24477673498835006
-18.593139710138033 7.434546993535932 8.931507891048376 -0.4771141399210135 -1.3786472444559428 -0.6656381668539699
12.291479427954911 2.9976498463740597 10.709840274763227 1.2388277465142528 0.13637296613501837 0.7330791614001644
13.704359629874425 2.279292210215683 4.300549182041671 0.9744501629887647 -0.2613557643691069 -0.586139269946474
15.255345437167819 19.709272864875004 1.4227563041336424 -1.1690869810710136 -0.2123760215409316 0.39248808986528383
-3.8917393268993337 -5.496612873716376 18.981734348189875 -1.1836490561974076 -0.10708471480722181 -0.6546097772886516
16.0827814704554 -18.67272012415451 2.7767639523077783 0.8582565380506546 -0.12399075249452984 0.4933641448607462
-11.320974573867307 -8.223099672717185 -16.923880113122497 1.1175740857114809 -0.8529648044630025 -0.6099000459553513
-17.890498444310335 -15.879836126483218 17.84071429413936 0.08113232267717652 0.6193037990154617 -0.7346572701763873
-17.756151858670705 0.624719565275754 16.891678131109657 1.2047075399852472 0.175172560995692 1.3660983518515524
3.736517524894065 6.829053203829282 -3.4981006540064925 0.1199743265090012 1.2562975650164128 0.11274276944977224
4.08564973711098 17.686593947546818 0.22402818773347022 -0.9730039787390147 0.5408287065610846 -0.6726181492475417
-10.07769488585231 11.382499263352905 -3.3644887847939273 -1.0158471869759054 -0.5940656607425163 0.5724639898821549
-11.230142703114957 -2.1719753594899345 -9.24711995225084 -0.8313695039362384 0.29437203816262536 1.4213033839786382
-17.060153130019824 6.970017796220471 -6.551994757227458 0.6193059123950437 0.5345893164672644 -1.1520610971955259
-18.946553473371246 0.8727851507109285 19.800810684961306 1.3486549299338577 -1.3799886062821434 -0.41410725294601214
10.360541454373745 -0.017262308719733 -8.486130683163609 -0.7140593601105942 -1.3403849920278839 -0.7132147065803626
-4.107900077234303 -1.0140054028116765 -1.0091897945152226 -1.2352854267998663 0.627092634239304 -1.072514661142658
10.070530353790055 4.521279866806886 9.535280230960062 1.374510371333011 -1.103979078918497 0.32531910916454976
18.7421202862836 -3.0142681490289327 -16.116967739285467 1.391867259566983 1.0791915204194193 0.5059861710145417
15.471953717279298 5.556153538692747 -6.145033568340095 -1.2198444134849873 -0.9357627289079405 -1.3283179119840964
-10.061163264528714 -3.249997783075081 16.365227723189577 -0.7557158049737162 0.07331807984542471 -0.295783266782194
-5.4109648498893534 -4.611860519325379 -17.002900841229035 -0.324638054106563 -0.8808105923203604 1.16361693173728
12.63487207018813 2.4805677433299422 -15.461251328659277 0.9078603586416625 -0.34920094773422905 -0.4678643939817899
-9.408258086868177 16.94904360563519 -0.4349030258927584 1.2234522739061493 -0.9061063865043831 1.0316008690726388
-11.841716013246977 -15.005055757710482 -13.7616430834303 0.29400381977428713 0.22856242629640966 0.16728238336927204
7.755938930797587 17.998068323335893 -12.3853541339449 0.8819455137700327 0.6548791654324218 0.7908400884087485
15.781342349243502 4.3541543923971275 3.7709418097583907 1.0698775935124818 -1.2088280206978013 0.9317410564370263
2.496403873675092 17.17475306892662 -11.59423652704119 0.8760418338369198 -0.10717675048430553 -1.0477792778903996
1.6559097952133044 16.335365684130345 0.4576221236091058 -1.0631991347756662 -0.45767080960126894 0.9364233271005373
-13.485596079321262 -17.196423916251227 -13.906163450771665 0.9741875460413749 0.7532398660891166 -0.9217853715709523
0.33215326562501346 18.579248008567376 11.309718536568813 1.134078165575679 -0.1709191378012327 -0.1164876114360367
-14.212843053153787 1.5407862929790994 1.217080607302666 -1.0798232094346651 -1.1020104741262722 0.26807460345949985
3.552066766834386 -12.982225673790984 -0.3455065170366858 -0.44052073904324507 -1.0825282252283852 0.06786721018539854
3.3352970649003026 -11.913558381650784 18.03322432402367 -0.2888552447080044 1.403467242943643 -0.24119274403243662
-2.4070389475817002 -15.066218145438427 9.26851589265635 1.426287576518817 0.15945119535484675 1.1562353108988481
-4.34426244185547 -4.747308312571983 13.26827041243132 0.6347255363517865 -0.9809882060422628 -0.7439398421794167
-10.152767677570589 16.77605137397483 11.289692319839308 0.771675721832108 1.0415944395891548 0.6596498411264675
11.865147935329027 0.24404974291545045 -15.713895621930547 0.11475209163196087 0.8564024849274197 -1.2173747471223786
-5.7842402981284735 -6.481080154701724 18.038100561957073 1.1145422072190718 0.6408671664991514 -0.17625448268487265
14.510462371594556 6.2848567081148765 -3.320278962937021 1.392321033308658 0.7595301388699753 0.9332766291703498
15.794205740862125 19.460267462127504 -19.552762976544052 0.4600584807231951 -0.6712944535142623 0.9260238293988721
-18.119518970266604 -8.601778433724947 -18.848936514699247 -0.41715966587900755 0.1912597633301254 -1.1247286954919269
-15.541205694413165 7.985896296120629 -9.689817205631059 0.7160044267207675 1.0767053773849402 -0.5270092728634813
-0.871417713516287 -12.099672405085343 8.086779842392918 1.0042496771074703 1.465229314660757 0.12397773243016275
-0.23341611594286604 19.27417645346509 -15.52254497770576 -0.1835298559248444 -0.8182443998875124 -0.7134015508217334
10.997257468338372 -1.5860902663913024 -5.815361068660337 -1.4107363060831017 1.410900268502413 1.0204079026330906
-15.865436923761633 10.100208807694301 -18.085301298881028 1.1891598772571896 -0.7403444566553431 -0.5307609608203205
5.69115289371846 -3.3925669580583957 6.764994235233669 -0.020507755958407703 0.5702661930948154 -0.5214112854684793
-9.03811631485918 11.287220824668886 -4.504976250841995 0.24308032412883795 -0.657750847520485 -1.4331588837691256
8.177534489908762 6.372294939415095 16.4758178585773 0.6832558497938113 -1.1863003670227668 -0.2824926312287346
-11.063944609396753 16.100659826704437 -9.505071446579546 -0.9365170381845074 1.158249455699706 -1.1594562423470922
-10.900472512647186 5.984383075186596 3.246835934625434 -0.35820086107221805 -0.26225772656200497 -0.8444491174003682
-8.677257487418238 -4.624104214196461 14.726808212904906 0.6466078852050039 -0.3961425320444292 -0.9349328742861612
-5.443187502239528 -15.861707814953817 13.24264263195876 1.2948772611692463 0.3471754922033785 -0.9749436790316381
4.502449696804362 -6.191424031230145 -16.336314472583865 -0.05791556507416473 0.9923307878759866 0.2976011110892778
14.255552037817885 -11.14115079764725 18.730422332138048 0.9011877191357254 1.2056680741661183 0.08745429297299268
-10.776123743589547 -9.892275270327854 3.553688300951162 -0.2818183207044487 1.0182796408730943 -1.2855050730319753
12.972201048340757 -3.2184300364210614 -19.549585080581192 -0.7622975310194863 0.44348625046988266 0.26755869913973607
-12.798159919644917 11.08880552618821 -5.894874412431147 -0.3167816967619457 -1.0777718719311618 0.9209749249153534
9.27527459741638 17.3770534456875 -17.74780780057235 0.5610659963099369 1.3933518740984212 0.6508726521439181
5.73965221096303 -10.25513302086306 4.648350279721761 -1.1084018492823697 -1.4229441284682536 1.2332229140456445
11.639597471432257 2.7691312259892698 6.0119500303080855 1.3629121559653044 1.1209468214727951 1.1560970844031448
-6.351581397005695 -19.583265511623814 18.922125028443688 -0.30326609081283085 1.002563493233228 0.6922075128487077
15.600397437377339 10.109204640369573 -12.205942952297924 0.4928881876647009 0.5440714663490303 -0.8606852889980932
18.99669216397988 -19.739620187054292 15.440564136016121 0.5153828863199159 0.28127326248334494 1.2508713588328289
-8.290038368694601 -16.605391689605504 -8.653580425253416 -0.8749127623398315 -0.4636411678234711 -0.33148808561873255
-7.740607188243661 12.008332053555563 -13.386858821289525 -1.4067314027358724 0.3855899506075162 -0.5885000351374454
10.440795535896903 5.935831363317202 -7.840787228227381 -0.39700636795574096 -0.33230547873089344 -0.6941121199658534
12.278740413265531 0.21516882531655313 7.895654972073739 0.017189910892673854 -0.9131472597017334 -1.308263587040712
9.439162940088544 -4.651089395279975 -17.290787867274112 -1.085299100687388 -1.2898610062236124 -1.0773056410136923
2.234009172839947 7.934924787742297 3.6906279319726423 1.2158582143416958 0.06855551738782095 -0.34262403636584526
1.7447193271942183 9.979945097237255 7.050055224747265 0.2275728661129004 -0.8719247362143734 -0.22999527368058748
