26793
1
20628
28698
19105
32828
9215
11097
6742
8324
7077
21393
19476
1532
21951
23896
28144
10375
35858
17955
11191
4460
1513
25173
2514
26294
18489
3073
27428
19971
13915
6706
4470
813
5172
9773
32289
15251
5712
7405
993
31605
6527
34200
21351
13567
9071
18620
30835
27756
34192
6576
22199
18575
12937
22184
29574
4675
880
10542
12690
21657
6407
13360
19873
35578
25222
32468
18781
17902
22958
9959
29617
31738
4989
20879
7892
14701
13665
29131
15844
13069
29938
29533
2290
3970
32096
20324
33044
18229
12924
1105
14557
28455
31602
33380
33127
26516
7682
33053